Extraction RTT par séquence flux 1 ...
100 4.32 0.457
1000 4.32 4.337
1006 4.32 4.354
1011 4.32 4.370
1013 4.32 4.379
1015 4.32 4.387
1017 4.32 4.395
1020 4.32 4.412
1022 4.32 4.420
1024 4.32 4.437
1027 12.64 4.445
103 4.32 0.466
1032 4.32 4.479
1036 4.32 4.495
1038 4.32 4.504
1041 4.32 4.512
1043 4.32 4.520
1046 4.32 4.528
105 4.32 0.474
1051 4.32 4.545
1053 4.32 4.553
1058 4.32 4.570
1064 4.32 4.587
1070 4.32 4.603
1072 4.32 4.612
1074 4.32 4.620
1077 4.32 4.637
1079 4.32 4.645
1083 4.32 4.670
1085 4.32 4.678
1089 4.32 4.695
1091 4.32 4.703
1093 4.32 4.712
1096 4.32 4.720
1099 4.32 4.728
11 3.68 0.142
1101 4.32 4.736
1103 4.32 4.745
1105 4.32 4.753
111 4.32 0.491
1110 4.32 4.770
1112 4.32 4.778
1114 4.32 4.786
1119 4.32 4.803
1121 4.32 4.811
1123 4.32 4.820
1125 4.32 4.828
1127 4.32 4.836
1129 4.32 4.845
1132 4.32 4.853
1135 4.32 4.870
1137 4.32 4.878
1140 4.32 4.895
1142 4.32 4.903
1144 4.32 4.911
1146 4.32 4.920
1149 4.32 4.928
1151 4.32 4.936
1153 4.32 4.944
1155 4.32 4.953
1157 4.32 4.961
1159 4.32 4.969
1161 4.32 4.978
1163 4.32 4.986
117 4.32 0.507
123 4.32 0.524
129 4.32 0.541
131 4.32 0.549
134 4.32 0.566
136 12.64 0.574
138 12.64 0.591
140 12.64 0.607
143 4.32 0.624
147 4.32 0.640
149 4.32 0.649
152 4.32 0.657
154 4.32 0.665
157 4.32 0.674
159 4.32 0.682
165 4.32 0.699
171 4.32 0.715
177 4.32 0.732
18 4.32 0.156
183 4.32 0.749
185 4.32 0.757
187 4.32 0.765
189 4.32 0.774
191 4.32 0.782
193 4.32 0.790
195 4.32 0.799
197 4.32 0.807
199 4.32 0.815
201 4.32 0.824
203 4.32 0.832
205 4.32 0.840
207 4.32 0.848
209 4.32 0.857
211 4.32 0.865
213 4.32 0.873
215 4.32 0.882
217 4.32 0.890
219 4.32 0.898
221 4.32 0.907
223 4.32 0.915
225 4.32 0.923
227 4.32 0.932
229 4.32 0.940
231 4.32 0.948
233 4.32 0.957
235 4.32 0.965
237 4.32 0.973
239 4.32 0.982
241 4.32 0.990
243 4.32 0.998
245 4.32 1.007
247 4.32 1.015
249 4.32 1.023
25 14.72 0.181
251 4.32 1.032
253 4.32 1.040
255 4.32 1.048
257 4.32 1.056
259 4.32 1.065
261 4.32 1.073
263 4.32 1.081
265 4.32 1.090
267 4.32 1.098
269 4.32 1.106
271 4.32 1.115
273 4.32 1.123
276 4.32 1.131
278 4.32 1.140
280 4.32 1.148
282 4.32 1.156
284 4.32 1.165
286 4.32 1.173
288 4.32 1.181
290 4.32 1.190
292 4.32 1.198
294 4.32 1.206
296 4.32 1.215
298 4.32 1.223
30 4.32 0.216
300 4.32 1.231
302 4.32 1.240
304 4.32 1.248
306 4.32 1.256
308 4.32 1.264
310 4.32 1.273
312 4.32 1.281
314 4.32 1.289
316 4.32 1.298
318 4.32 1.306
320 4.32 1.314
322 4.32 1.323
324 4.32 1.331
326 4.32 1.339
328 4.32 1.348
33 4.32 0.224
330 4.32 1.356
332 4.32 1.364
334 4.32 1.373
336 4.32 1.381
338 4.32 1.389
340 4.32 1.398
342 4.32 1.406
344 4.32 1.414
346 4.32 1.423
348 4.32 1.431
350 4.32 1.439
352 4.32 1.448
354 4.32 1.456
356 4.32 1.464
358 4.32 1.472
36 4.32 0.233
360 4.32 1.481
362 4.32 1.489
364 4.32 1.497
366 4.32 1.506
368 4.32 1.514
370 4.32 1.522
372 4.32 1.531
374 4.32 1.539
376 4.32 1.547
378 4.32 1.556
380 4.32 1.564
382 4.32 1.572
384 4.32 1.581
386 4.32 1.589
388 4.32 1.597
390 4.32 1.606
392 4.32 1.614
394 4.32 1.622
396 4.32 1.631
398 4.32 1.639
40 4.32 0.241
400 4.32 1.647
402 4.32 1.656
404 4.32 1.664
406 4.32 1.672
408 4.32 1.680
410 4.32 1.689
412 4.32 1.697
414 4.32 1.705
416 4.32 1.714
418 4.32 1.722
420 4.32 1.730
422 4.32 1.739
424 4.32 1.747
426 4.32 1.755
428 4.32 1.764
430 4.32 1.772
432 4.32 1.780
434 4.32 1.789
436 4.32 1.797
438 4.32 1.805
44 4.32 0.249
440 4.32 1.814
442 4.32 1.822
444 4.32 1.830
446 4.32 1.839
448 4.32 1.847
450 4.32 1.855
452 4.32 1.864
454 4.32 1.872
456 4.32 1.880
458 4.32 1.888
460 4.32 1.897
462 4.32 1.905
465 4.32 1.913
467 4.32 1.922
469 4.32 1.930
47 4.32 0.258
471 4.32 1.938
473 4.32 1.947
475 4.32 1.955
477 4.32 1.963
479 4.32 1.972
481 4.32 1.980
483 4.32 1.988
485 4.32 1.997
487 4.32 2.005
490 4.32 2.022
492 4.32 2.030
497 4.32 2.063
50 4.32 0.266
517 36.64 2.205
525 3.68 2.305
53 4.32 0.274
539 11.68 2.344
543 12.64 2.376
546 4.32 2.393
549 4.32 2.410
551 4.32 2.418
554 4.32 2.426
556 4.32 2.435
559 4.32 2.443
56 4.32 0.283
561 4.32 2.451
563 4.32 2.460
565 4.32 2.468
567 4.32 2.476
569 4.32 2.485
576 4.32 2.501
581 4.32 2.518
583 4.32 2.526
585 4.32 2.535
588 4.32 2.551
59 4.32 0.291
590 12.64 2.560
592 12.64 2.576
594 4.32 2.593
599 4.32 2.609
601 4.32 2.618
604 4.32 2.626
606 4.32 2.634
609 4.32 2.643
611 4.32 2.651
613 4.32 2.659
615 4.32 2.668
62 4.32 0.299
620 4.32 2.684
626 4.32 2.701
632 4.32 2.718
634 4.32 2.726
636 4.32 2.734
638 4.32 2.743
641 4.32 2.759
643 4.32 2.768
645 4.32 2.784
647 12.64 2.792
652 4.32 2.826
656 4.32 2.842
658 4.32 2.851
662 4.32 2.859
664 4.32 2.867
667 4.32 2.876
672 4.32 2.892
674 4.32 2.901
679 4.32 2.917
684 4.32 2.934
690 4.32 2.951
692 4.32 2.959
694 4.32 2.967
698 4.32 2.984
700 4.32 2.992
704 4.32 3.017
706 4.32 3.025
710 4.32 3.042
712 4.32 3.050
714 4.32 3.059
716 4.32 3.067
719 4.32 3.075
721 4.32 3.084
723 4.32 3.092
725 4.32 3.100
73 4.32 0.324
730 4.32 3.117
733 4.32 3.125
735 4.32 3.134
740 4.32 3.150
742 4.32 3.159
744 4.32 3.167
746 4.32 3.175
748 4.32 3.184
75 4.32 0.333
750 4.32 3.192
752 4.32 3.200
754 4.32 3.208
756 4.32 3.217
758 4.32 3.225
760 4.32 3.233
762 4.32 3.242
764 4.32 3.250
766 4.32 3.258
769 4.32 3.267
77 4.32 0.341
771 4.32 3.275
773 4.32 3.283
775 4.32 3.292
777 4.32 3.300
779 4.32 3.308
781 4.32 3.317
783 4.32 3.325
785 4.32 3.333
787 4.32 3.342
789 4.32 3.350
791 4.32 3.358
793 4.32 3.367
795 4.32 3.375
797 4.32 3.383
799 4.32 3.392
80 4.32 0.358
801 4.32 3.400
804 4.32 3.408
806 4.32 3.416
808 4.32 3.425
810 4.32 3.433
812 4.32 3.441
814 4.32 3.450
816 4.32 3.458
818 4.32 3.466
82 12.64 0.366
820 4.32 3.475
822 4.32 3.483
824 4.32 3.491
826 4.32 3.500
828 4.32 3.508
830 4.32 3.516
832 4.32 3.525
834 4.32 3.533
836 4.32 3.541
838 4.32 3.550
84 12.64 0.383
840 4.32 3.558
844 4.32 3.566
846 4.32 3.575
848 4.32 3.583
850 4.32 3.591
852 4.32 3.600
854 4.32 3.608
856 4.32 3.616
858 4.32 3.624
86 12.64 0.399
860 4.32 3.633
862 4.32 3.641
864 4.32 3.649
866 4.32 3.658
869 4.32 3.674
871 4.32 3.683
874 4.32 3.699
877 4.32 3.716
89 4.32 0.416
897 36.64 3.857
905 3.68 3.958
919 11.68 3.997
923 12.64 4.029
925 4.32 4.046
928 4.32 4.063
93 4.32 0.432
930 4.32 4.071
933 4.32 4.079
935 4.32 4.088
938 4.32 4.096
940 4.32 4.104
942 4.32 4.112
944 4.32 4.121
947 4.32 4.129
949 4.32 4.137
95 4.32 0.441
955 4.32 4.154
960 4.32 4.171
962 4.32 4.179
964 4.32 4.187
967 4.32 4.204
970 12.64 4.212
972 12.64 4.229
974 4.32 4.246
978 4.32 4.262
98 4.32 0.449
980 4.32 4.271
983 4.32 4.279
985 4.32 4.287
988 4.32 4.296
990 4.32 4.304
992 4.32 4.312
994 4.32 4.320
